[gd_scene load_steps=6 format=3 uid="uid://d1h4v3mjahwds"]

[ext_resource type="Script" path="res://Scenes/Game/SubScenes/CrowdMember/Crowd.cs" id="1_37cmq"]
[ext_resource type="Texture2D" uid="uid://do1qwoifu4e3i" path="res://Scenes/Game/SubScenes/CrowdMember/CrowdMember.png" id="1_itev0"]

[sub_resource type="Animation" id="Animation_yyx4t"]
length = 0.001
tracks/0/type = "value"
tracks/0/imported = false
tracks/0/enabled = true
tracks/0/path = NodePath("Row1:position")
tracks/0/interp = 1
tracks/0/loop_wrap = true
tracks/0/keys = {
"times": PackedFloat32Array(0),
"transitions": PackedFloat32Array(1),
"update": 0,
"values": [Vector3(0, 0, 0)]
}
tracks/1/type = "value"
tracks/1/imported = false
tracks/1/enabled = true
tracks/1/path = NodePath("Row2:position")
tracks/1/interp = 1
tracks/1/loop_wrap = true
tracks/1/keys = {
"times": PackedFloat32Array(0),
"transitions": PackedFloat32Array(1),
"update": 0,
"values": [Vector3(0, 0, 0)]
}
tracks/2/type = "value"
tracks/2/imported = false
tracks/2/enabled = true
tracks/2/path = NodePath("Row3:position")
tracks/2/interp = 1
tracks/2/loop_wrap = true
tracks/2/keys = {
"times": PackedFloat32Array(0),
"transitions": PackedFloat32Array(1),
"update": 0,
"values": [Vector3(0, 0, 0)]
}
tracks/3/type = "value"
tracks/3/imported = false
tracks/3/enabled = true
tracks/3/path = NodePath("Row1/Sprite3D:frame")
tracks/3/interp = 1
tracks/3/loop_wrap = true
tracks/3/keys = {
"times": PackedFloat32Array(0),
"transitions": PackedFloat32Array(1),
"update": 1,
"values": [0]
}
tracks/4/type = "value"
tracks/4/imported = false
tracks/4/enabled = true
tracks/4/path = NodePath("Row1/Sprite3D2:frame")
tracks/4/interp = 1
tracks/4/loop_wrap = true
tracks/4/keys = {
"times": PackedFloat32Array(0),
"transitions": PackedFloat32Array(1),
"update": 1,
"values": [0]
}
tracks/5/type = "value"
tracks/5/imported = false
tracks/5/enabled = true
tracks/5/path = NodePath("Row1/Sprite3D3:frame")
tracks/5/interp = 1
tracks/5/loop_wrap = true
tracks/5/keys = {
"times": PackedFloat32Array(0),
"transitions": PackedFloat32Array(1),
"update": 1,
"values": [0]
}
tracks/6/type = "value"
tracks/6/imported = false
tracks/6/enabled = true
tracks/6/path = NodePath("Row1/Sprite3D4:frame")
tracks/6/interp = 1
tracks/6/loop_wrap = true
tracks/6/keys = {
"times": PackedFloat32Array(0),
"transitions": PackedFloat32Array(1),
"update": 1,
"values": [0]
}
tracks/7/type = "value"
tracks/7/imported = false
tracks/7/enabled = true
tracks/7/path = NodePath("Row1/Sprite3D5:frame")
tracks/7/interp = 1
tracks/7/loop_wrap = true
tracks/7/keys = {
"times": PackedFloat32Array(0),
"transitions": PackedFloat32Array(1),
"update": 1,
"values": [0]
}

[sub_resource type="Animation" id="Animation_rkhbh"]
resource_name = "cheer"
length = 2.0
tracks/0/type = "value"
tracks/0/imported = false
tracks/0/enabled = true
tracks/0/path = NodePath("Row1:position")
tracks/0/interp = 1
tracks/0/loop_wrap = true
tracks/0/keys = {
"times": PackedFloat32Array(0, 0.2, 0.4, 0.6, 0.8, 1, 1.2),
"transitions": PackedFloat32Array(0.5, 2, 0.5, 2, 0.5, 2, 0.5),
"update": 0,
"values": [Vector3(0, 0, 0), Vector3(0, 1, 0), Vector3(0, 0, 0), Vector3(0, 0.66, 0), Vector3(0, 0, 0), Vector3(0, 0.33, 0), Vector3(0, 0, 0)]
}
tracks/1/type = "value"
tracks/1/imported = false
tracks/1/enabled = true
tracks/1/path = NodePath("Row2:position")
tracks/1/interp = 1
tracks/1/loop_wrap = true
tracks/1/keys = {
"times": PackedFloat32Array(0.1, 0.3, 0.5, 0.7, 0.9, 1.1, 1.3),
"transitions": PackedFloat32Array(0.5, 2, 0.5, 2, 0.5, 2, 0.5),
"update": 0,
"values": [Vector3(0, 0, 0), Vector3(0, 1, 0), Vector3(0, 0, 0), Vector3(0, 0.66, 0), Vector3(0, 0, 0), Vector3(0, 0.33, 0), Vector3(0, 0, 0)]
}
tracks/2/type = "value"
tracks/2/imported = false
tracks/2/enabled = true
tracks/2/path = NodePath("Row3:position")
tracks/2/interp = 1
tracks/2/loop_wrap = true
tracks/2/keys = {
"times": PackedFloat32Array(0.2, 0.4, 0.6, 0.8, 1, 1.2, 1.4),
"transitions": PackedFloat32Array(0.5, 2, 0.5, 2, 0.5, 2, 0.5),
"update": 0,
"values": [Vector3(0, 0, 0), Vector3(0, 1, 0), Vector3(0, 0, 0), Vector3(0, 0.66, 0), Vector3(0, 0, 0), Vector3(0, 0.33, 0), Vector3(0, 0, 0)]
}
tracks/3/type = "value"
tracks/3/imported = false
tracks/3/enabled = true
tracks/3/path = NodePath("Row1/Sprite3D:frame")
tracks/3/interp = 1
tracks/3/loop_wrap = true
tracks/3/keys = {
"times": PackedFloat32Array(0, 1.5),
"transitions": PackedFloat32Array(1, 1),
"update": 1,
"values": [1, 0]
}
tracks/4/type = "value"
tracks/4/imported = false
tracks/4/enabled = true
tracks/4/path = NodePath("Row1/Sprite3D2:frame")
tracks/4/interp = 1
tracks/4/loop_wrap = true
tracks/4/keys = {
"times": PackedFloat32Array(0, 1.5),
"transitions": PackedFloat32Array(1, 1),
"update": 1,
"values": [1, 0]
}
tracks/5/type = "value"
tracks/5/imported = false
tracks/5/enabled = true
tracks/5/path = NodePath("Row1/Sprite3D3:frame")
tracks/5/interp = 1
tracks/5/loop_wrap = true
tracks/5/keys = {
"times": PackedFloat32Array(0, 1.5),
"transitions": PackedFloat32Array(1, 1),
"update": 1,
"values": [1, 0]
}
tracks/6/type = "value"
tracks/6/imported = false
tracks/6/enabled = true
tracks/6/path = NodePath("Row1/Sprite3D4:frame")
tracks/6/interp = 1
tracks/6/loop_wrap = true
tracks/6/keys = {
"times": PackedFloat32Array(0, 1.5),
"transitions": PackedFloat32Array(1, 1),
"update": 1,
"values": [1, 0]
}
tracks/7/type = "value"
tracks/7/imported = false
tracks/7/enabled = true
tracks/7/path = NodePath("Row1/Sprite3D5:frame")
tracks/7/interp = 1
tracks/7/loop_wrap = true
tracks/7/keys = {
"times": PackedFloat32Array(0, 1.5),
"transitions": PackedFloat32Array(1, 1),
"update": 1,
"values": [1, 0]
}

[sub_resource type="AnimationLibrary" id="AnimationLibrary_8m7n6"]
_data = {
"RESET": SubResource("Animation_yyx4t"),
"cheer": SubResource("Animation_rkhbh")
}

[node name="Crowd" type="Node3D" node_paths=PackedStringArray("_animationPlayer")]
script = ExtResource("1_37cmq")
_animationPlayer = NodePath("AnimationPlayer")

[node name="AnimationPlayer" type="AnimationPlayer" parent="."]
libraries = {
"": SubResource("AnimationLibrary_8m7n6")
}

[node name="Row1" type="Node3D" parent="."]

[node name="Sprite3D" type="Sprite3D" parent="Row1"]
transform = Transform3D(1, 0, 0, 0, 0.965926, 0.258819, 0, -0.258819, 0.965926, 0, 1.3, -0.3)
pixel_size = 0.04
texture_filter = 2
texture = ExtResource("1_itev0")
hframes = 2

[node name="Sprite3D2" type="Sprite3D" parent="Row1"]
transform = Transform3D(1, 0, 0, 0, 0.965926, 0.258819, 0, -0.258819, 0.965926, 1, 1.3, -0.3)
pixel_size = 0.04
texture_filter = 2
texture = ExtResource("1_itev0")
hframes = 2

[node name="Sprite3D3" type="Sprite3D" parent="Row1"]
transform = Transform3D(1, 0, 0, 0, 0.965926, 0.258819, 0, -0.258819, 0.965926, 2, 1.3, -0.3)
pixel_size = 0.04
texture_filter = 2
texture = ExtResource("1_itev0")
hframes = 2

[node name="Sprite3D4" type="Sprite3D" parent="Row1"]
transform = Transform3D(1, 0, 0, 0, 0.965926, 0.258819, 0, -0.258819, 0.965926, -1, 1.3, -0.3)
pixel_size = 0.04
texture_filter = 2
texture = ExtResource("1_itev0")
hframes = 2

[node name="Sprite3D5" type="Sprite3D" parent="Row1"]
transform = Transform3D(1, 0, 0, 0, 0.965926, 0.258819, 0, -0.258819, 0.965926, -2, 1.3, -0.3)
pixel_size = 0.04
texture_filter = 2
texture = ExtResource("1_itev0")
hframes = 2

[node name="Row2" type="Node3D" parent="."]

[node name="Sprite3D" type="Sprite3D" parent="Row2"]
transform = Transform3D(1, 0, 0, 0, 0.965926, 0.258819, 0, -0.258819, 0.965926, -0.6, 1.3, -1.3)
modulate = Color(0.447059, 0.505882, 0.658824, 1)
pixel_size = 0.04
texture_filter = 2
texture = ExtResource("1_itev0")
hframes = 2

[node name="Sprite3D2" type="Sprite3D" parent="Row2"]
transform = Transform3D(1, 0, 0, 0, 0.965926, 0.258819, 0, -0.258819, 0.965926, 0.4, 1.3, -1.3)
modulate = Color(0.447059, 0.505882, 0.658824, 1)
pixel_size = 0.04
texture_filter = 2
texture = ExtResource("1_itev0")
hframes = 2

[node name="Sprite3D3" type="Sprite3D" parent="Row2"]
transform = Transform3D(1, 0, 0, 0, 0.965926, 0.258819, 0, -0.258819, 0.965926, 1.4, 1.3, -1.3)
modulate = Color(0.447059, 0.505882, 0.658824, 1)
pixel_size = 0.04
texture_filter = 2
texture = ExtResource("1_itev0")
hframes = 2

[node name="Sprite3D4" type="Sprite3D" parent="Row2"]
transform = Transform3D(1, 0, 0, 0, 0.965926, 0.258819, 0, -0.258819, 0.965926, -1.6, 1.3, -1.3)
modulate = Color(0.447059, 0.505882, 0.658824, 1)
pixel_size = 0.04
texture_filter = 2
texture = ExtResource("1_itev0")
hframes = 2

[node name="Row3" type="Node3D" parent="."]

[node name="Sprite3D" type="Sprite3D" parent="Row3"]
transform = Transform3D(1, 0, 0, 0, 0.965926, 0.258819, 0, -0.258819, 0.965926, 0, 1.3, -2.3)
modulate = Color(0.113725, 0.168627, 0.32549, 1)
pixel_size = 0.04
texture_filter = 2
texture = ExtResource("1_itev0")
hframes = 2

[node name="Sprite3D2" type="Sprite3D" parent="Row3"]
transform = Transform3D(1, 0, 0, 0, 0.965926, 0.258819, 0, -0.258819, 0.965926, 1, 1.3, -2.3)
modulate = Color(0.113725, 0.168627, 0.32549, 1)
pixel_size = 0.04
texture_filter = 2
texture = ExtResource("1_itev0")
hframes = 2

[node name="Sprite3D4" type="Sprite3D" parent="Row3"]
transform = Transform3D(1, 0, 0, 0, 0.965926, 0.258819, 0, -0.258819, 0.965926, -1, 1.3, -2.3)
modulate = Color(0.113725, 0.168627, 0.32549, 1)
pixel_size = 0.04
texture_filter = 2
texture = ExtResource("1_itev0")
hframes = 2
